29
36
292
11
16
310
15
76
31
6
29
35
524
4
12
162
14
-10
312
19
385
46
13
-19
366
56
-9
357
28
223
-12
292
45
255
337
43
555
20
23
39
-6
-4
-39
7
-13
41
4
80
1
484
-16
2
20
244
258
27
-7
40
247
46
27
-4
379
62
-15
38
-4
4
312
37
271
3
538
1
33
99
107
-38
359
1
11
-3
109
17
146
34
-5
174
482
43
35
8
36
-41
260
-49
30
49
40
157
-11
-11
21
35
489
219
33
22
224
1
278
31
271
-19
38
-15
81
7
50
195
-18
14
1
-57
-17
-21
1
39
35
27
301
6
11
-10
1
56
38
333
26
-15
32
-9
412
-17
9
110
4
25
-136
24
418
-2
38
92
5
22
-4
-12
241
19
-11
24
236
106
343
-17
5
143
20
-11
63
96
-11
35
2
83
-1
299
46
426
8
50
33
384
-152
283
34
-98
11
194
12
32
-18
4
202
-12
43
-11
70
8
-5
9
-187
49
42
10
274
-216
-11
-8
49
-197
-174
41
19
13
334
48
37
35
323
1
-184
47
5
-150
133
-1
197
28
328
209
1
181
33
34
345
-118
40
36
261
38
1
-19
48
320
32
-7
34
64
6
3
-11
293
49
23
46
231
1
-17
35
-78
82
31
35
42
-208
2
-16
139
-4
22
9
295
33
32
186
-11
151
15
-7
20
-215
43
12
6
5
225
15
1
-317
34
1
-275
-15
-12
165
12
105
35
1
34
93
9
-282
43
-335
21
-114
30
-246
-17
10
76
34
23
9
48
-208
-241
37
97
10
47
-13
27
-18
33
7
-12
-11
-2
13
-328
21
30
-208
-7
-87
41
22
222
48
4
225
200
-14
-12
192
41
3
-355
-292
-18
-174
44
23
-163
5
41
-266
90
5
213
10
-11
1
-386
-18
9
-383
104
30
-3
-15
211
-12
18
-392
25
30
-170
-282
38
-16
-108
29
31
29
32
-258
-16
-40
41
-365
17
20
-77
-55
3
28
116
165
16
-74
-4
-275
28
-254
13
-12
-16
-5
17
-173
-40
-448
-10
39
-8
64
-19
14
-376
20
25
11
29
-392
33
28
-6
2
-410
15
-254
-2
15
11
-103
29
7
21
20
3
-4
31
-7
-1
1
-158
11
-8
123
-9
42
6
-18
-483
37
-10
-61
98
38
36
-358
23
49
-151
48
2
19
34
-8
-14
-16
-439
-7
-14
-466
1
11
-72
33
11
40
-428
26
8
19
-305
3
-457
-6
36
77
11
-69
7
-8
50
-516
11
46
4
-179
-265
63
27
-62
15
42
-9
-549
3
-10
28
-376
1
-78
-87
34
-17
-275
50
17
39
-133
33
38
25
-215
-9
-258
25
-81
-574
37
48
-327
34
42
-459
1
-135
-489
33
19
17
7
-106
-462
27
-612
15
-38
-25
2
2
7
-15
12
-302
5
-5
75
-5
216
64
-87
1
4
8
